121
79
80
86
92
94
99
99
102
105
109
113
113
114
119
115
113
115
117
120
121
121
122
124
125
126
126
129
127
130
130
139
138
145
203
211
165
161
152
151
132
149
141
138
144
144
191
146
169
143
145
157
151
150
160
249
161
156
155
145
155
173
160
170
158
153
171
198
173
169
150
152
152
156
156
157
182
155
188
163
168
173
168
171
181
169
173
275
248
286
292
305
312
297
366
329
342
403
484
366
279
369
253
241
221
215
205
240
254
214
259
220
246
238
413
202
206
197
198
271
221
217
207
276
230
269
211
208
259
221
232
208
222
240
233
229
238
234
215
224
215
216
206
214
201
204
213
204
205
211
201
199
243
229
215
240
238
227
222
221
247
220
227
217
229
222
214
212
211
218
206
218
202
212
564
236
226
201
211
219
202
210
213
219
229
213
214
235
217
232
227
202
221
222
217
228
225
232
215
217
224
211
229
235
219
366
202
236
223
213
335
238
264
235
266
241
224
222
208
211
224
209
220
212
217
212
219
220
257
245
262
265
235
243
242
252
253
243
220
226
252
214
213
211
222
269
220
210
218
226
213
218
213
219
217
228
229
218
234
219
228
222
229
241
269
393
304
388
374
449
438
488
351
329
320
382
593
377
301
362
302
279
288
299
284
252
265
266
258
264
254
261
290
240
250
246
247
238
227
233
230
215
242
244
258
248
253
257
263
293
339
308
334
336
459
304
292
279
279
281
257
266
247
287
294
286
335
410
404
286
289
289
288
272
253
302
303
300
279
252
257
274
257
247
248
267
284
261
277
275
272
261
272
259
322
321
280
279
301
309
282
283
293
278
281
254
271
261
255
260
326
283
279
274
265
268
255
251
244
251
246
230
260
236
235
240
235
251
234
244
236
241
236
236
248
241
266
241
255
250
