102
106
111
169
121
166
165
172
173
139
179
179
178
140
186
193
187
156
197
376
196
194
161
199
195
198
162
198
207
204
186
210
209
217
252
385
280
181
225
218
213
178
215
224
228
189
228
250
231
185
221
229
229
192
225
256
274
188
231
234
187
302
253
405
206
235
243
244
365
273
241
194
244
238
234
191
231
239
219
264
241
271
197
263
402
219
267
281
360
366
413
435
322
422
453
395
486
457
585
342
392
412
289
323
420
270
285
292
295
362
520
267
321
324
242
296
301
246
290
402
269
328
290
236
427
392
276
313
324
276
326
288
258
320
309
263
317
302
240
314
289
254
293
295
231
281
285
253
291
287
243
291
240
594
305
267
330
321
272
320
471
268
321
315
248
304
319
248
305
381
301
292
254
290
252
449
297
240
300
305
247
300
304
265
299
262
303
297
252
312
319
265
373
272
307
324
262
305
319
250
309
274
298
299
264
320
265
313
328
265
362
301
336
660
274
320
273
299
276
247
302
256
309
307
246
289
259
294
416
321
324
323
358
269
337
373
270
360
271
316
262
300
305
241
302
248
311
250
291
252
292
292
244
283
265
297
281
245
295
257
306
262
312
319
272
448
375
440
388
480
466
736
492
357
394
389
505
552
398
378
381
359
342
338
293
356
291
322
313
317
275
365
338
308
339
282
332
268
309
264
300
258
293
310
277
285
329
343
267
410
393
405
347
375
337
369
337
374
298
351
272
358
285
323
329
347
317
409
514
426
396
327
574
323
341
308
326
280
388
289
335
324
320
294
330
264
352
302
349
294
326
288
322
295
320
660
413
308
397
309
367
304
333
329
354
277
337
278
326
292
351
346
371
287
338
284
325
268
335
265
326
258
309
259
309
263
302
260
305
268
314
287
305
257
319
262
311
259
485
269
