74
67
66
66
66
66
66
112
66
66
66
66
67
67
67
66
67
103
78
78
66
67
66
66
66
66
66
66
106
66
67
66
66
66
67
67
67
66
103
67
66
66
66
66
67
67
66
67
102
66
66
67
67
67
66
66
67
66
104
66
67
67
66
66
66
66
67
67
67
103
66
66
66
67
66
66
66
66
66
102
66
66
67
67
66
66
101
91
104
165
90
122
87
78
83
83
77
82
82
141
82
82
79
82
82
77
79
79
82
83
141
79
84
80
97
68
67
66
66
67
121
66
66
67
66
67
69
68
68
68
110
68
68
68
68
68
68
81
69
68
107
68
67
69
68
68
68
68
68
68
68
105
68
67
68
68
68
69
68
68
68
106
68
68
68
68
68
67
68
68
68
106
68
68
68
68
68
68
68
68
68
105
68
68
68
68
209
72
72
72
71
111
72
72
72
71
71
72
72
72
86
72
114
72
71
72
72
72
72
72
72
71
112
72
72
72
72
72
72
71
72
71
115
72
71
72
72
72
72
72
72
72
114
72
71
72
71
72
72
72
72
72
72
112
72
72
72
72
71
72
72
72
72
112
72
72
72
72
72
72
72
119
72
131
72
72
72
71
72
72
72
72
71
113
72
72
72
72
72
72
71
72
71
71
114
72
72
72
71
72
72
72
72
71
114
72
71
72
72
72
73
72
71
72
351
74
75
74
74
74
75
75
74
74
124
74
75
74
76
76
78
74
75
75
74
140
75
75
73
74
76
75
74
76
75
139
74
75
75
74
76
76
75
73
76
140
75
74
74
73
74
75
74
74
74
119
73
74
73
74
73
74
74
74
73
74
115
74
74
80
115
74
75
74
74
74
155
73
75
75
75
74
76
73
74
74
74
74
75
74
74
119
127
203
146
135
124
121
104
181
