72
67
67
66
67
67
66
66
66
66
65
69
67
66
66
66
67
67
66
66
66
78
90
68
68
68
67
66
66
67
66
67
67
67
66
66
66
66
66
66
67
66
68
67
67
67
68
67
67
67
67
67
69
68
68
68
68
68
67
68
67
67
67
69
68
68
68
68
67
67
68
67
67
69
68
69
68
68
68
67
68
68
67
69
68
68
68
68
68
67
69
68
68
69
68
69
68
68
68
68
68
68
68
68
69
69
68
68
68
68
68
69
68
68
69
69
68
69
68
69
68
68
69
70
68
70
69
68
69
69
69
68
68
69
69
69
69
70
69
68
69
69
69
68
69
71
69
71
69
69
69
83
70
70
70
70
72
70
70
69
69
68
69
68
69
69
69
69
69
68
69
69
68
69
70
69
69
69
68
68
69
69
68
68
68
68
69
69
69
69
69
69
69
69
69
69
69
69
69
69
69
68
69
69
69
69
70
69
69
69
69
68
69
69
69
78
69
69
69
69
69
69
69
69
69
68
69
69
69
69
69
69
69
69
69
69
69
69
69
69
69
69
70
69
69
69
69
69
69
69
70
70
69
69
69
69
69
70
70
69
69
69
69
69
69
69
69
69
70
69
69
69
69
69
70
69
69
80
70
89
72
72
117
73
74
74
73
73
77
77
71
72
73
72
72
73
71
70
71
73
75
71
70
75
70
73
70
71
70
69
71
69
70
70
71
70
70
70
70
70
70
70
70
70
71
69
69
70
70
70
71
70
69
71
69
70
71
70
70
69
70
70
70
71
83
72
72
74
79
78
82
77
75
76
74
75
75
70
73
72
72
71
72
71
72
73
72
70
72
73
77
71
72
72
71
77
74
72
70
71
69
73
71
71
72
70
71
71
71
72
71
71
71
73
71
71
74
72
74
73
