43
64
110
77
40
78
228
76
77
78
77
76
84
80
81
78
77
76
41
78
156
41
79
78
41
105
83
42
78
80
41
78
82
41
164
87
42
82
82
79
82
85
80
80
82
81
80
83
157
81
48
81
81
44
81
84
45
82
81
46
81
85
44
79
85
47
82
85
44
81
86
82
83
85
84
84
93
84
81
86
80
82
46
84
84
46
86
85
47
87
87
48
85
85
48
84
89
49
87
91
52
89
91
90
90
88
90
90
89
91
90
90
93
91
49
89
89
51
90
88
88
145
94
48
90
87
51
92
91
51
89
95
54
93
95
94
90
98
94
93
97
98
98
100
97
92
56
95
93
56
95
92
55
100
95
53
95
105
56
100
207
109
118
96
58
95
98
97
94
100
92
90
96
95
94
218
158
100
61
95
103
57
100
100
60
95
100
59
98
239
58
98
99
59
112
103
61
100
101
100
99
103
99
191
99
95
98
95
95
95
61
92
93
60
109
123
56
180
95
62
98
96
59
98
97
57
93
99
58
99
99
174
94
103
97
94
102
96
96
101
99
110
62
96
99
63
96
98
61
96
98
59
102
145
87
156
175
102
152
154
92
154
159
150
153
159
155
145
177
151
181
183
100
101
57
98
97
61
101
104
62
103
99
60
102
104
63
104
101
60
101
104
62
94
96
102
100
107
103
100
110
103
104
103
107
102
63
102
102
69
101
95
64
101
111
63
106
101
62
106
104
63
105
103
71
99
107
98
101
103
105
110
107
102
104
103
106
107
67
109
101
72
106
102
70
108
107
70
104
113
78
105
104
68
105
105
65
109
187
105
101
110
105
98
105
109
108
185
111
106
68
106
207
65
104
109
73
111
107
67
100
108
66
108
110
107
219
111
70
112
105
103
109
115
112
108
109
112
110
114
