70
24
44
27
25
26
32
28
27
28
27
27
30
32
30
29
29
30
29
29
30
31
30
29
30
31
34
31
34
31
32
32
31
33
31
33
41
32
32
32
33
33
34
34
34
34
34
33
33
34
37
33
34
35
35
35
36
35
35
36
35
33
38
37
35
36
36
36
33
36
36
36
36
36
36
47
38
39
37
35
36
37
37
36
37
34
37
38
37
39
36
39
40
39
36
37
39
38
73
38
39
41
37
38
39
38
40
39
40
40
39
37
39
37
37
37
39
40
39
38
39
65
42
38
41
40
48
40
39
43
41
41
41
38
43
40
42
42
42
40
45
81
42
42
45
46
42
49
43
41
49
45
44
49
43
50
49
53
66
67
77
121
107
67
64
57
59
53
60
61
65
49
55
51
52
48
81
103
57
50
49
48
52
54
47
49
47
46
50
47
48
44
52
45
68
48
47
50
46
51
47
45
47
48
49
48
40
44
41
46
42
43
43
40
43
43
43
45
45
43
43
43
46
45
49
57
49
44
43
54
48
45
48
46
48
45
49
45
46
42
42
48
46
47
46
46
44
41
45
42
39
43
49
42
69
84
70
76
76
71
81
75
76
71
70
80
84
86
85
89
73
85
64
53
59
53
59
56
47
53
54
67
51
57
59
65
58
54
62
60
58
59
54
57
58
57
51
63
58
56
61
52
84
57
47
48
55
49
55
46
54
46
52
47
63
52
48
52
52
47
45
50
50
50
52
51
49
52
51
47
60
47
55
53
51
48
55
57
52
50
52
46
46
53
56
47
47
48
48
50
45
47
48
51
46
44
50
48
49
45
48
47
50
49
43
48
47
57
47
51
55
45
53
52
44
47
48
52
48
46
45
48
49
44
49
80
97
52
50
51
48
55
52
57
52
54
48
59
52
56
