2241
618
325
151
132
167
90
129
119
81
119
118
80
116
111
75
142
100
101
109
100
100
106
106
96
127
103
109
102
66
92
97
64
100
94
67
96
100
55
102
97
58
98
94
54
100
98
55
90
98
142
97
93
97
104
100
101
94
104
100
99
64
102
99
60
105
101
63
96
99
68
102
101
59
97
113
76
109
99
59
93
98
101
102
103
99
110
236
99
109
115
105
101
58
107
101
62
108
118
70
118
107
75
114
113
61
120
117
65
114
108
68
119
118
103
106
105
109
111
178
109
159
145
111
115
67
123
116
75
120
110
220
125
224
75
124
115
82
124
118
76
158
131
87
140
133
142
209
133
138
137
134
133
143
158
141
152
105
174
210
175
420
251
118
163
168
107
174
143
120
139
139
93
143
145
104
468
174
164
140
156
134
146
153
140
139
148
141
144
105
152
142
101
142
194
128
145
145
106
141
146
101
152
302
107
138
145
92
137
144
144
124
136
135
141
130
157
145
143
154
155
100
145
148
119
143
128
106
142
148
116
157
149
114
149
144
112
137
146
109
160
134
142
142
156
150
145
153
150
144
145
148
159
157
184
216
143
219
219
128
211
208
145
212
219
147
217
233
176
232
263
168
181
182
155
168
166
171
169
187
177
213
199
171
184
145
181
206
136
165
190
131
175
150
105
175
190
153
182
160
151
175
251
133
192
170
163
161
173
175
166
155
168
162
199
178
277
125
162
180
136
167
186
144
190
178
128
164
172
117
234
186
143
165
181
126
182
176
175
179
161
177
197
154
248
172
171
178
157
145
200
166
130
168
155
111
162
186
126
168
162
135
162
149
118
171
167
168
188
168
150
165
158
154
157
170
175
180
171
169
144
114
151
167
121
268
203
137
178
208
136
177
196
188
191
194
142
202
190
161
