784
153
98
57
137
83
88
84
119
45
87
81
85
99
89
90
83
129
89
131
88
92
142
94
136
89
130
88
97
94
93
135
52
89
89
95
92
128
83
139
111
59
138
103
104
104
91
103
97
108
136
111
133
98
115
103
149
152
101
93
138
62
117
174
74
162
140
86
149
154
107
105
111
63
154
134
63
137
106
78
139
98
139
107
99
160
104
139
97
138
101
101
141
62
139
93
65
99
128
59
143
98
94
104
141
63
133
99
51
197
106
58
144
103
134
100
98
130
101
191
129
101
138
100
94
57
141
100
99
99
151
85
151
187
75
141
115
107
109
107
129
100
143
69
237
159
102
180
150
107
131
119
95
122
187
123
117
73
102
126
85
221
112
73
112
128
89
147
119
67
115
136
68
144
134
200
134
141
133
148
119
135
137
149
130
136
125
158
149
88
149
150
107
147
136
106
144
163
96
144
134
91
130
128
103
141
156
101
162
137
173
164
138
176
197
152
176
192
173
185
166
126
148
154
122
146
152
113
172
162
134
254
248
165
255
247
186
200
224
196
228
254
234
226
248
301
250
240
337
261
262
244
288
217
266
252
180
591
275
169
201
208
200
227
270
195
193
234
188
195
188
149
204
213
189
172
165
159
247
152
166
321
208
187
196
163
169
187
108
159
172
125
176
179
138
157
199
145
169
180
152
184
266
132
173
174
159
149
152
146
184
232
238
497
198
200
330
185
183
176
141
171
179
144
475
219
161
195
196
136
274
164
136
197
192
193
257
292
238
211
239
242
197
224
299
219
225
197
251
172
266
306
313
321
231
192
228
223
173
203
218
173
210
247
162
184
194
124
174
174
190
174
172
184
186
167
163
173
181
171
193
153
173
186
172
237
320
187
177
185
162
218
180
161
199
236
143
180
203
185
