0
66
50
34
28
26
27
32
30
29
31
28
28
29
32
32
30
31
31
29
31
33
30
30
30
31
35
35
33
33
32
33
32
33
32
34
36
34
33
35
34
35
34
36
35
34
34
33
33
37
36
36
35
36
36
39
42
38
37
35
36
36
37
38
38
37
35
36
37
39
37
36
37
37
36
70
40
38
37
37
36
38
37
37
41
37
36
36
41
38
38
40
40
40
39
39
38
41
39
41
39
37
39
41
40
40
40
41
40
39
38
40
39
40
41
40
37
42
40
41
42
65
58
42
40
41
39
43
39
45
39
42
41
42
44
41
43
44
40
40
43
40
45
46
45
44
42
43
45
46
53
45
44
49
44
51
49
49
50
70
69
161
123
74
63
59
66
59
203
55
60
53
54
56
50
55
58
93
58
51
56
53
58
49
51
53
53
48
52
49
52
48
46
49
47
54
50
51
46
48
44
45
45
45
49
43
49
47
44
47
41
43
43
44
47
55
50
48
42
48
48
47
48
51
47
44
51
46
46
53
47
43
48
43
46
46
48
50
50
45
47
46
48
49
58
42
47
43
43
47
44
49
47
47
69
83
72
85
79
82
83
75
74
82
81
78
82
81
89
94
82
90
62
55
55
47
58
48
49
47
62
67
60
57
65
55
59
53
72
54
47
60
54
56
52
51
56
49
57
55
48
49
162
51
45
52
51
46
52
55
48
52
51
54
47
52
56
55
47
51
53
64
50
57
47
55
58
51
57
52
49
56
49
58
51
50
55
52
56
47
51
50
46
51
44
56
47
52
53
54
51
52
51
48
47
49
43
53
49
54
48
47
49
44
52
50
53
55
98
58
52
51
46
55
51
46
49
49
44
48
50
53
55
51
49
91
77
48
55
54
54
59
57
54
56
51
53
51
60
60
