41
80
78
78
80
81
83
42
80
79
45
79
81
45
82
81
43
82
80
46
84
83
48
83
85
46
84
84
84
82
85
83
83
82
84
86
85
81
117
47
85
88
47
88
85
48
82
84
51
85
86
51
82
86
49
85
89
50
84
88
83
92
167
90
86
85
88
118
85
83
84
49
87
84
49
82
169
48
87
87
50
87
85
50
112
85
48
86
84
49
162
86
87
85
86
82
90
85
82
87
87
86
84
51
158
88
47
86
82
51
86
87
51
87
85
48
87
84
50
84
83
48
88
85
86
85
87
85
88
86
92
96
86
86
90
47
87
86
50
85
84
47
83
85
49
87
83
47
87
83
51
90
83
49
94
87
88
86
91
85
89
89
86
84
86
92
90
55
88
88
49
87
87
53
91
92
53
91
88
53
85
89
53
92
90
53
88
89
92
91
96
92
94
112
90
97
95
96
95
60
94
97
57
95
98
61
98
98
61
97
99
63
96
154
66
96
103
71
101
104
98
102
96
97
99
98
96
102
104
102
106
136
171
163
128
178
181
112
161
180
109
162
165
111
168
339
107
164
170
109
160
163
178
183
148
160
107
186
105
266
103
100
108
102
105
108
65
108
106
64
105
107
72
215
103
64
102
104
64
102
101
69
112
105
105
109
103
195
103
101
104
106
104
109
105
69
110
105
67
103
108
67
105
103
61
109
105
65
104
108
103
109
111
80
105
107
106
110
106
107
111
108
110
109
142
110
107
67
112
111
67
109
113
70
110
110
70
114
112
68
112
113
65
104
108
68
108
111
108
104
114
113
109
113
109
109
111
107
114
69
112
111
71
110
110
72
105
105
68
107
110
69
115
107
68
106
104
71
113
106
110
109
116
115
115
126
118
119
109
113
114
76
111
118
75
119
115
75
112
113
