40
40
75
75
40
77
192
74
77
77
78
77
80
77
79
93
77
77
43
79
155
43
80
81
46
79
81
43
82
80
46
81
81
42
156
82
43
80
107
80
83
83
83
81
83
80
78
84
160
82
45
84
81
46
85
83
48
85
81
45
80
87
47
88
87
45
88
130
44
82
82
81
83
84
82
81
84
81
84
86
85
83
44
84
82
45
82
82
43
83
85
45
84
84
47
78
86
45
80
85
47
86
83
84
85
88
79
82
80
138
83
88
84
84
45
83
82
43
82
81
42
82
84
45
81
83
46
81
84
45
86
86
45
105
85
81
84
84
84
86
82
80
82
82
84
87
44
85
82
44
84
83
42
84
107
46
85
83
46
83
88
50
84
85
46
91
91
88
83
86
83
84
85
86
85
288
88
90
49
88
84
50
88
89
50
89
87
49
89
175
55
89
94
54
87
93
54
94
92
96
92
97
89
163
98
94
94
98
97
95
63
96
94
93
105
94
60
204
99
63
97
101
56
94
97
57
95
104
63
100
110
325
158
178
180
177
186
158
157
181
159
168
106
165
170
111
166
169
104
162
154
102
139
175
92
152
104
115
110
102
62
97
108
163
105
102
101
109
108
101
106
108
109
104
63
98
103
60
107
97
61
106
110
64
103
109
60
132
102
60
102
106
64
124
105
104
108
108
104
104
109
105
106
104
98
107
64
104
101
66
145
104
66
191
104
67
109
110
64
103
109
66
110
112
120
109
112
102
110
110
111
105
111
104
107
110
103
110
68
103
108
73
108
103
71
105
108
69
106
105
68
105
113
72
107
109
66
105
212
106
109
111
106
119
112
107
101
104
102
101
71
106
188
67
103
105
65
105
115
66
108
112
70
113
120
74
213
124
65
112
117
113
112
117
113
117
114
112
110
118
