41
143
81
78
80
83
80
42
78
78
43
78
81
43
82
81
43
79
80
44
81
80
46
78
79
45
80
83
83
81
81
81
83
79
84
114
81
221
82
45
88
84
45
83
83
46
83
82
47
84
85
46
83
83
46
86
86
47
85
85
84
85
160
82
86
87
85
86
85
86
86
49
87
86
52
90
169
50
84
85
47
85
86
49
86
86
52
89
88
51
165
89
87
87
89
87
88
90
90
91
93
92
107
55
172
87
56
93
89
56
91
91
57
93
91
54
91
92
54
90
166
99
94
92
92
90
93
93
92
93
91
99
97
94
95
58
107
99
57
96
92
59
100
100
60
95
98
56
98
101
59
95
97
61
99
95
98
100
100
102
187
156
97
99
101
99
98
61
95
104
57
94
96
60
97
101
84
101
101
57
101
104
62
106
99
56
99
100
98
104
100
96
98
101
100
102
101
104
100
63
104
102
62
108
97
59
99
95
63
100
98
56
96
96
61
97
97
66
102
99
98
96
98
95
96
96
94
98
96
101
101
69
96
101
63
96
102
60
97
102
64
98
102
62
101
180
62
100
101
62
99
99
103
131
149
153
158
161
146
306
156
156
170
103
170
170
97
155
160
98
167
129
64
219
97
63
98
101
68
124
104
72
103
99
107
107
102
183
101
100
106
106
102
97
98
67
103
107
70
104
105
69
105
103
72
103
101
66
104
108
68
100
107
67
106
100
108
102
104
112
101
119
104
105
109
102
108
65
103
104
67
109
112
67
107
104
73
108
106
74
104
113
68
104
104
74
109
110
105
111
116
107
107
109
109
107
108
111
111
73
106
110
71
105
106
72
110
166
72
107
106
71
108
105
70
110
111
76
108
108
103
109
110
109
142
173
119
111
108
113
104
69
109
112
76
110
109
78
112
118
