82
23
23
25
24
25
25
26
25
26
25
25
26
26
27
27
28
27
29
29
32
31
31
29
29
29
29
29
30
29
29
28
29
29
29
30
31
31
41
33
31
32
32
31
31
32
34
31
32
33
32
33
32
33
32
37
34
36
38
34
32
35
45
38
37
36
41
36
42
36
37
39
35
34
34
35
35
35
34
33
33
34
35
34
32
57
36
35
36
36
34
36
36
34
35
34
33
34
34
34
34
34
35
35
34
34
35
34
34
35
39
35
34
35
35
34
34
36
35
34
39
36
34
34
35
35
33
36
34
35
65
39
41
38
40
38
39
37
37
37
37
40
40
41
41
43
43
39
41
47
37
45
43
39
41
46
49
43
44
47
51
49
47
44
52
48
41
46
45
44
45
45
49
50
46
49
58
49
51
56
50
56
66
45
53
54
49
58
49
51
53
49
52
47
49
49
53
48
49
45
48
50
49
48
43
43
43
55
43
46
50
43
49
50
101
50
48
52
57
50
54
48
48
49
53
57
50
48
51
58
57
50
100
90
86
90
85
86
93
92
85
75
93
108
130
118
114
110
127
112
121
121
110
163
167
110
97
119
93
82
84
87
87
75
93
92
80
72
73
69
86
76
75
73
88
90
87
71
67
73
63
62
66
55
64
62
63
64
65
67
84
73
67
64
64
64
67
70
73
60
68
60
57
64
64
68
65
78
69
55
72
151
66
87
72
76
72
70
96
78
75
67
75
62
68
61
73
70
69
81
83
70
61
98
94
85
81
115
114
79
95
117
95
74
91
67
88
100
98
109
113
108
136
119
99
115
92
92
73
124
82
96
86
89
98
100
65
70
75
85
70
71
63
91
63
60
71
73
68
68
108
75
75
78
108
70
134
82
78
80
91
65
70
59
99
74
71
79
76
74
