53
24
46
27
26
26
30
28
29
27
29
27
28
28
29
30
28
31
30
29
29
32
30
30
32
31
32
31
31
33
31
31
31
32
32
33
34
32
33
32
34
34
33
33
34
34
34
36
32
35
36
37
35
34
36
37
36
36
37
36
36
36
38
40
36
36
35
36
36
34
36
36
36
36
35
60
38
39
36
36
36
35
37
36
37
37
38
37
40
37
37
38
38
39
37
39
36
40
42
39
37
37
39
41
39
40
39
39
39
40
41
40
41
39
40
38
41
40
39
39
41
64
45
40
38
41
45
38
39
42
40
40
42
44
41
41
43
42
44
42
41
42
41
44
47
49
43
44
45
45
44
43
49
45
57
50
49
45
65
60
68
113
117
64
59
59
67
59
56
58
57
59
51
50
51
51
81
87
54
50
54
53
78
47
51
44
45
47
50
44
46
47
49
48
48
54
48
45
51
53
48
50
47
46
45
42
41
42
44
42
41
41
45
40
44
49
46
47
48
48
44
53
46
47
44
52
46
42
46
45
47
52
47
44
46
47
43
46
43
45
46
46
45
48
51
43
47
43
47
50
46
46
46
44
74
73
83
85
77
70
80
79
68
82
89
71
86
85
81
88
86
86
60
50
57
67
54
50
59
49
53
55
56
64
52
52
51
51
63
56
53
55
58
53
55
51
48
57
53
53
51
58
61
52
56
51
53
55
53
46
54
47
50
48
47
51
52
51
48
52
51
52
51
49
50
45
57
50
55
48
53
48
48
52
48
45
54
49
45
53
49
49
53
46
51
46
55
50
46
49
52
45
45
53
45
56
46
48
50
49
47
47
49
49
52
51
48
49
56
48
51
45
50
51
45
56
47
48
47
48
54
51
44
46
51
86
79
52
45
51
51
60
56
62
60
55
54
57
64
52
