0
66
25
25
26
25
25
28
27
27
27
28
27
27
27
27
29
28
29
29
30
34
32
30
29
29
29
30
30
31
29
30
30
30
29
33
32
31
32
38
32
34
33
33
32
33
31
36
35
36
33
36
34
33
36
34
34
36
32
33
32
33
33
35
35
40
43
38
47
43
34
35
38
36
37
36
36
37
34
34
34
34
34
36
34
56
39
36
36
35
35
36
34
33
34
35
34
35
35
36
35
33
35
34
34
36
35
35
35
35
37
37
36
36
35
34
35
36
35
34
36
36
36
36
36
36
36
35
36
34
36
38
37
44
39
42
39
40
41
36
40
38
40
39
41
41
38
39
43
46
40
42
40
49
54
47
47
44
41
48
53
48
49
52
56
46
44
48
46
48
51
48
45
49
51
49
60
44
61
49
45
56
49
55
55
55
52
55
47
52
52
45
47
46
50
58
49
48
49
50
50
51
54
49
48
46
51
47
50
48
52
46
53
57
95
50
53
62
55
52
56
51
63
48
52
57
53
52
50
52
54
54
117
88
90
97
95
83
83
94
90
88
92
101
115
106
117
114
108
173
120
124
113
179
146
121
105
103
132
82
101
86
86
77
119
98
122
82
89
68
81
109
75
69
64
81
98
86
79
97
67
75
69
62
64
56
55
59
86
65
76
69
66
76
82
63
82
76
69
58
55
63
73
61
61
67
60
57
63
76
69
152
64
91
86
75
72
66
69
74
74
82
81
64
57
83
72
63
67
72
69
60
69
91
70
116
103
105
108
91
82
98
76
74
97
70
93
97
86
96
104
98
105
123
94
92
93
105
91
114
81
97
88
95
130
80
221
70
71
69
80
61
92
86
64
71
66
67
60
84
81
70
74
89
92
72
149
94
79
97
75
69
69
92
74
76
67
81
91
89
