73
24
24
24
24
24
25
25
25
26
25
26
25
25
27
27
27
27
31
31
29
29
30
29
28
28
28
28
29
28
29
29
29
30
30
31
29
29
45
33
32
32
32
33
30
31
31
32
31
34
32
31
33
32
33
33
35
32
32
36
33
33
32
36
37
42
45
40
42
37
35
34
35
34
34
35
33
36
35
32
33
32
34
34
34
59
41
36
34
35
35
34
34
35
35
34
34
34
33
35
34
34
34
33
34
35
34
34
34
45
35
35
37
35
38
35
36
34
34
34
35
34
35
35
35
35
34
35
35
36
35
35
37
37
37
39
38
39
39
40
49
43
42
40
72
41
42
38
38
41
42
42
40
40
79
47
43
46
44
45
43
54
43
43
45
47
51
41
47
47
55
52
50
49
50
295
53
59
56
54
51
48
48
50
51
48
53
50
50
50
48
44
52
51
44
47
49
47
45
47
43
46
46
45
43
49
49
47
48
48
44
45
47
47
103
60
53
56
52
49
52
53
54
49
54
47
59
48
46
58
54
67
91
91
96
84
85
89
86
87
88
84
119
107
100
121
115
108
136
127
118
103
114
112
151
92
113
127
109
85
95
79
89
77
90
90
83
77
74
84
99
74
67
74
78
72
61
63
64
74
72
57
68
59
67
73
65
69
63
60
62
70
69
57
72
61
65
70
68
67
64
67
61
73
84
70
69
74
64
66
62
126
87
130
78
81
67
78
80
67
67
79
60
68
80
63
77
66
76
70
65
60
71
100
90
104
85
96
104
99
106
116
112
101
103
73
75
107
87
101
101
156
140
153
82
94
317
84
97
87
118
93
80
81
86
100
73
72
64
78
70
78
72
65
64
62
61
95
66
66
71
93
218
69
126
70
112
86
77
84
96
69
66
63
77
74
266
72
82
84
