186
470
793
979
1081
919
1445
1646
1929
1823
2127
1874
1244
932
889
990
1468
2071
594
1267
1292
1655
3681
1708
2148
2588
942
756
1537
1418
1277
1525
1694
1561
1791
797
893
912
689
886
900
480
1136
1307
1612
1962
1617
2132
1965
1817
1708
1759
2315
3042
2468
1794
1057
1296
1693
1759
1911
2078
2028
2382
2455
2039
1706
1272
1406
1860
2187
2940
608
371
522
1194
794
612
624
722
1000
1526
1280
882
1167
1423
1355
968
1485
660
818
957
1361
1675
1082
421
519
717
859
1250
651
452
877
844
1204
1136
1464
2187
1665
1906
2095
1779
1996
2516
2430
2294
778
630
914
1209
1614
2139
1107
1061
1476
1740
2050
3200
3227
1219
1269
711
663
1029
1357
1522
1610
1464
1365
1522
1749
3018
1565
1753
2499
1181
1031
1697
639
366
831
834
1233
1570
1751
1566
984
1642
1515
826
704
1287
638
1096
668
608
878
1285
848
1111
1493
1583
1459
1267
1715
2386
2014
766
824
1150
960
825
1201
1565
1437
1259
1471
646
1008
1495
1550
1857
2809
2263
3027
3064
2748
2925
1329
1305
1406
1281
1735
1278
1062
1099
899
628
413
710
611
1128
2443
1036
598
421
771
1193
1559
1239
1550
1208
604
1020
1345
1317
1145
1627
1998
2514
1954
2008
2514
1900
1951
2351
2700
2031
1546
1617
855
859
934
900
592
856
1034
1239
1351
1006
1291
1545
1333
1250
804
755
1010
903
603
1079
1290
1029
1451
1745
1667
1552
1249
1869
1319
424
389
755
853
1107
1187
470
723
1067
1070
1049
1531
2494
1497
1464
986
582
846
1116
1069
851
1185
1136
1496
1798
1075
1211
1633
2142
3835
3038
3074
2881
1054
962
1250
1584
1092
1617
2175
2411
1580
557
1037
1470
1114
284
741
1013
1343
1221
926
836
914
1134
1308
2075
1818
1355
1213
1820
878
935
1225
824
609
1077
1110
878
1002
1326
1523
1494
1416
414
750
1238
1658
2000
1188
791
1081
1442
1735
1785
1145
1354
653
874
1030
1467
523
624
827
1385
1441
865
485
792
1047
1393
1616
1013
567
610
575
787
1200
1563
1972
1726
1218
1660
2062
2021
2187
2680
567
733
699
1173
1313
1768
1573
646
1303
357
561
848
1448
1804
