174
315
299
566
473
420
308
335
600
415
688
469
294
334
369
448
547
993
686
766
354
594
499
187
334
451
456
323
599
806
691
391
309
451
385
491
698
718
403
655
354
335
521
560
728
307
487
392
357
272
611
708
897
703
536
706
650
343
498
505
467
482
502
295
460
618
452
293
206
574
551
333
473
218
302
498
630
558
528
642
915
867
288
321
557
779
849
930
450
314
410
358
533
369
483
530
354
486
599
860
501
428
466
799
576
583
564
460
470
528
470
280
297
285
367
402
316
383
504
432
656
648
264
343
517
479
388
593
297
427
653
405
372
403
478
574
524
220
327
364
566
339
296
428
282
513
484
804
767
563
616
428
509
460
322
440
377
485
578
507
445
404
427
416
459
457
346
457
495
222
462
459
365
349
470
312
486
636
291
564
577
565
355
351
406
494
658
328
931
669
801
390
499
443
462
489
347
546
304
548
826
372
590
592
713
409
648
892
503
593
612
353
345
410
476
547
524
421
530
446
596
477
520
655
324
427
565
586
412
603
818
448
511
426
607
639
435
521
422
392
519
656
425
777
1023
523
410
542
741
494
586
514
620
512
786
652
455
677
473
331
486
480
407
681
617
399
654
536
444
595
655
750
1018
856
976
862
516
646
933
599
620
544
601
522
468
563
562
398
450
728
480
467
446
700
595
549
599
415
723
709
919
686
832
482
700
524
828
783
575
576
876
432
613
664
811
536
707
487
677
539
604
422
537
827
445
746
480
608
635
551
760
793
820
923
679
628
548
598
362
671
855
605
743
825
926
824
510
409
625
514
686
691
514
568
479
524
371
852
737
689
545
540
648
595
771
637
686
595
824
969
364
627
566
517
704
539
827
610
664
515
844
1020
809
658
371
589
879
810
573
502
773
658
587
686
767
593
552
473
506
834
