200
285
370
503
599
814
958
1076
1247
1216
1498
1582
1734
1752
1531
2147
2244
3374
2972
2750
2414
2903
2909
3257
3372
3528
3456
3398
3428
3293
3452
3666
4305
4257
4462
4765
4900
4761
4464
4934
5517
5198
5247
6271
6049
6968
8099
6541
5496
7009
6894
7282
7321
7522
7699
8201
7952
7903
7276
9383
8864
8578
8976
9640
8628
10688
9332
10515
11900
11096
11550
11747
11155
10725
12120
13126
12891
13354
10582
12996
14914
12328
12010
10393
11165
12345
12729
11037
11832
10662
11899
11332
11534
14371
13281
13837
13171
13178
15937
15412
13969
11502
12798
14138
13569
13087
13061
12404
14258
14766
13531
14644
12537
14268
13307
14664
14294
12760
15643
15991
16739
14015
15859
15151
16188
16244
17735
17066
15636
16705
16857
17702
16427
17132
16706
15361
18212
17558
18444
17104
18108
20375
19604
17927
17577
18240
19016
17059
18459
20918
21267
24838
23638
19881
21988
21455
22650
22155
21751
22299
20725
20177
20883
21253
22683
21300
24125
21665
24909
20243
23880
19556
23327
23629
21458
21293
23681
24634
24284
23415
23298
24315
23112
23189
27770
25165
24694
26455
27123
25109
23464
29208
27264
26407
23358
24775
27751
27512
28004
28143
33544
28972
28935
27775
29730
31574
33502
30248
28846
30140
28935
29084
26428
25233
26431
30304
27820
28975
34869
29601
29440
28908
28285
29277
28354
31438
27109
34742
33962
33575
27639
33069
35312
31774
31808
34685
32795
32920
29245
33698
32906
35260
40872
40533
37662
33934
33954
32077
36070
34121
32098
39670
42059
38223
35181
42000
37214
31506
30470
37915
33057
39195
35216
32799
33803
34021
39679
30220
39008
36361
31017
40697
37636
41025
38316
38330
41180
39088
39439
39817
41248
39488
50364
36435
42240
45322
41557
39545
41620
35459
39392
45389
36656
39948
39352
40883
43503
39653
45863
38608
39664
44738
40482
38993
41785
39752
45410
50283
46348
44924
45107
41524
43814
46471
41088
45510
43914
42642
44100
46731
44030
45109
39436
41495
43326
44552
43731
48804
49266
44778
45568
47280
50922
43643
46889
45919
48749
46223
44800
51336
52375
48404
51051
52519
43605
42662
43241
49769
46526
47353
43410
51795
52405
49326
48889
47612
48177
51356
52774
53214
58101
52569
48350
51664
49042
59165
49050
47129
51998
49925
52386
51526
51360
54801
45053
56494
54837
57882
56776
60743
60765
49626
44424
55232
52264
51012
56619
49188
63374
56618
53927
57277
58953
55414
56354
53233
50030
54465
55067
56762
