361
303
429
497
645
791
1085
1108
1211
1526
2192
1752
2037
1958
2433
2950
2872
3104
3847
4267
3146
3985
5962
3621
5492
3997
3659
3469
4742
5496
3867
4418
5894
5217
5491
6061
6451
6523
6122
6375
7065
5542
6763
7544
7148
8396
8556
8926
10301
8202
6875
10933
9334
9259
11225
10237
8894
9770
10362
11261
12952
10503
11365
12138
9088
12682
13727
10804
12092
10730
11069
12406
9524
10195
11022
12223
11389
13871
13309
15020
11663
11646
12556
10529
13635
12274
11997
13825
15024
12590
14956
14228
14066
15441
12651
12818
15746
13816
15217
15832
13316
12049
17330
15422
16868
13829
14885
14049
19527
17890
17828
20277
18868
18420
14988
15798
18198
16562
17807
19848
21471
17942
21452
20023
24443
20211
26252
23835
22715
26876
19143
22767
20261
20786
20056
22753
19786
16028
20199
16811
19660
24784
19075
18482
19700
20392
18999
20333
20759
23794
25600
25661
25374
21676
23118
23953
23471
24759
21283
22311
21247
21150
23900
25686
36077
25413
30364
29850
32206
29312
31858
23275
26220
25531
21146
31453
34665
25618
33771
34969
38548
27555
28653
25375
33649
27353
24109
30912
32306
28250
36114
27705
34226
29103
25674
22074
25818
30491
24909
26460
29819
25663
31254
26811
24265
26808
29022
28072
28907
33410
32461
37460
37741
30649
26878
34886
33653
34286
41626
28267
33302
28550
25620
28626
34480
30730
32703
41023
47030
39258
32556
48875
38892
35370
35751
40040
33670
39519
32452
39512
30143
36928
39799
37167
36219
32342
37257
37810
36482
38822
35936
40756
39262
31859
32332
32487
35681
31601
30141
35721
40087
35661
33623
40187
37051
38825
43820
35515
42305
41490
30462
40456
36966
39871
37622
37447
39334
38847
34711
46544
42024
39470
46740
35730
41044
44462
39789
45666
35219
33581
34425
43756
33803
40016
40130
42566
57860
56409
72306
50662
44091
41435
36279
41219
35328
45720
34960
49682
47401
41266
41946
39619
48383
41863
39242
47861
43908
46531
44920
44949
40261
42426
35144
39729
39778
60285
46354
52755
57756
51877
54329
47573
59257
51028
49246
54357
56934
50213
41846
47307
49616
41449
49528
52390
43372
41038
42061
48969
52332
48275
45570
55931
65281
56136
52296
51237
48875
45191
48209
49610
57703
59867
52985
50184
49135
56563
55571
52235
52966
49546
57432
46880
46973
56615
51949
54478
57987
59691
54093
58668
61367
59755
50490
63921
58863
55438
44371
46149
53850
48677
55449
57850
62680
57898
59696
51229
64850
51496
60884
56766
